 # x(1),y(2),ro(3),pr(4),v(5-7),B(8-10), t=   9.9745336471248405E-002
 -5.0167E-001  0.0000E+000  1.0000E+000  2.0000E-001  1.0000E+000  0.0000E+000  0.0000E+000  0.0000E+000  0.0000E+000  0.0000E+000
 -4.9833E-001  0.0000E+000  1.0000E+000  2.0000E-001  1.0000E+000  0.0000E+000  0.0000E+000  0.0000E+000  0.0000E+000  0.0000E+000
 -4.9500E-001  0.0000E+000  1.0000E+000  2.0000E-001  1.0000E+000  0.0000E+000  0.0000E+000  0.0000E+000  0.0000E+000  0.0000E+000
 -4.9167E-001  0.0000E+000  1.0000E+000  2.0000E-001  1.0000E+000  0.0000E+000  0.0000E+000  0.0000E+000  0.0000E+000  0.0000E+000
 -4.8833E-001  0.0000E+000  1.0000E+000  2.0000E-001  1.0000E+000  0.0000E+000  0.0000E+000  0.0000E+000  0.0000E+000  0.0000E+000
 -4.8500E-001  0.0000E+000  1.0000E+000  2.0000E-001  1.0000E+000  0.0000E+000  0.0000E+000  0.0000E+000  0.0000E+000  0.0000E+000
 -4.8167E-001  0.0000E+000  1.0000E+000  2.0000E-001  1.0000E+000  0.0000E+000  0.0000E+000  0.0000E+000  0.0000E+000  0.0000E+000
 -4.7833E-001  0.0000E+000  1.0000E+000  2.0000E-001  1.0000E+000  0.0000E+000  0.0000E+000  0.0000E+000  0.0000E+000  0.0000E+000
 -4.7500E-001  0.0000E+000  1.0000E+000  2.0000E-001  1.0000E+000  0.0000E+000  0.0000E+000  0.0000E+000  0.0000E+000  0.0000E+000
 -4.7167E-001  0.0000E+000  1.0000E+000  2.0000E-001  1.0000E+000  0.0000E+000  0.0000E+000  0.0000E+000  0.0000E+000  0.0000E+000
 -4.6833E-001  0.0000E+000  1.0000E+000  2.0000E-001  1.0000E+000  0.0000E+000  0.0000E+000  0.0000E+000  0.0000E+000  0.0000E+000
 -4.6500E-001  0.0000E+000  1.0000E+000  2.0000E-001  1.0000E+000  0.0000E+000  0.0000E+000  0.0000E+000  0.0000E+000  0.0000E+000
 -4.6167E-001  0.0000E+000  1.0000E+000  2.0000E-001  1.0000E+000  0.0000E+000  0.0000E+000  0.0000E+000  0.0000E+000  0.0000E+000
 -4.5833E-001  0.0000E+000  1.0000E+000  2.0000E-001  1.0000E+000  0.0000E+000  0.0000E+000  0.0000E+000  0.0000E+000  0.0000E+000
 -4.5500E-001  0.0000E+000  1.0000E+000  2.0000E-001  1.0000E+000  0.0000E+000  0.0000E+000  0.0000E+000  0.0000E+000  0.0000E+000
 -4.5167E-001  0.0000E+000  1.0000E+000  2.0000E-001  1.0000E+000  0.0000E+000  0.0000E+000  0.0000E+000  0.0000E+000  0.0000E+000
 -4.4833E-001  0.0000E+000  1.0000E+000  2.0000E-001  1.0000E+000  0.0000E+000  0.0000E+000  0.0000E+000  0.0000E+000  0.0000E+000
 -4.4500E-001  0.0000E+000  1.0000E+000  2.0000E-001  1.0000E+000  0.0000E+000  0.0000E+000  0.0000E+000  0.0000E+000  0.0000E+000
 -4.4167E-001  0.0000E+000  1.0000E+000  2.0000E-001  1.0000E+000  0.0000E+000  0.0000E+000  0.0000E+000  0.0000E+000  0.0000E+000
 -4.3833E-001  0.0000E+000  1.0000E+000  2.0000E-001  1.0000E+000  0.0000E+000  0.0000E+000  0.0000E+000  0.0000E+000  0.0000E+000
 -4.3500E-001  0.0000E+000  1.0000E+000  2.0000E-001  1.0000E+000  0.0000E+000  0.0000E+000  0.0000E+000  0.0000E+000  0.0000E+000
 -4.3167E-001  0.0000E+000  1.0000E+000  2.0000E-001  1.0000E+000  0.0000E+000  0.0000E+000  0.0000E+000  0.0000E+000  0.0000E+000
 -4.2833E-001  0.0000E+000  1.0000E+000  2.0000E-001  1.0000E+000  0.0000E+000  0.0000E+000  0.0000E+000  0.0000E+000  0.0000E+000
 -4.2500E-001  0.0000E+000  1.0000E+000  2.0000E-001  1.0000E+000  0.0000E+000  0.0000E+000  0.0000E+000  0.0000E+000  0.0000E+000
 -4.2167E-001  0.0000E+000  1.0000E+000  2.0000E-001  1.0000E+000  0.0000E+000  0.0000E+000  0.0000E+000  0.0000E+000  0.0000E+000
 -4.1833E-001  0.0000E+000  1.0000E+000  2.0000E-001  1.0000E+000  0.0000E+000  0.0000E+000  0.0000E+000  0.0000E+000  0.0000E+000
 -4.1500E-001  0.0000E+000  1.0000E+000  2.0000E-001  1.0000E+000  0.0000E+000  0.0000E+000  0.0000E+000  0.0000E+000  0.0000E+000
 -4.1167E-001  0.0000E+000  1.0000E+000  2.0000E-001  1.0000E+000  0.0000E+000  0.0000E+000  0.0000E+000  0.0000E+000  0.0000E+000
 -4.0833E-001  0.0000E+000  1.0000E+000  2.0000E-001  1.0000E+000  0.0000E+000  0.0000E+000  0.0000E+000  0.0000E+000  0.0000E+000
 -4.0500E-001  0.0000E+000  1.0000E+000  2.0000E-001  1.0000E+000  0.0000E+000  0.0000E+000  0.0000E+000  0.0000E+000  0.0000E+000
 -4.0167E-001  0.0000E+000  1.0000E+000  2.0000E-001  1.0000E+000  0.0000E+000  0.0000E+000  0.0000E+000  0.0000E+000  0.0000E+000
 -3.9833E-001  0.0000E+000  1.0000E+000  2.0000E-001  1.0000E+000  0.0000E+000  0.0000E+000  0.0000E+000  0.0000E+000  0.0000E+000
 -3.9500E-001  0.0000E+000  1.0000E+000  2.0000E-001  1.0000E+000  0.0000E+000  0.0000E+000  0.0000E+000  0.0000E+000  0.0000E+000
 -3.9167E-001  0.0000E+000  1.0000E+000  2.0000E-001  1.0000E+000  0.0000E+000  0.0000E+000  0.0000E+000  0.0000E+000  0.0000E+000
 -3.8833E-001  0.0000E+000  1.0000E+000  2.0000E-001  1.0000E+000  0.0000E+000  0.0000E+000  0.0000E+000  0.0000E+000  0.0000E+000
 -3.8500E-001  0.0000E+000  1.0000E+000  2.0000E-001  1.0000E+000  0.0000E+000  0.0000E+000  0.0000E+000  0.0000E+000  0.0000E+000
 -3.8167E-001  0.0000E+000  1.0000E+000  2.0000E-001  1.0000E+000  0.0000E+000  0.0000E+000  0.0000E+000  0.0000E+000  0.0000E+000
 -3.7833E-001  0.0000E+000  1.0000E+000  2.0000E-001  1.0000E+000  0.0000E+000  0.0000E+000  0.0000E+000  0.0000E+000  0.0000E+000
 -3.7500E-001  0.0000E+000  1.0000E+000  2.0000E-001  1.0000E+000  0.0000E+000  0.0000E+000  0.0000E+000  0.0000E+000  0.0000E+000
 -3.7167E-001  0.0000E+000  1.0000E+000  2.0000E-001  1.0000E+000  0.0000E+000  0.0000E+000  0.0000E+000  0.0000E+000  0.0000E+000
 -3.6833E-001  0.0000E+000  1.0000E+000  2.0000E-001  1.0000E+000  0.0000E+000  0.0000E+000  0.0000E+000  0.0000E+000  0.0000E+000
 -3.6500E-001  0.0000E+000  1.0000E+000  2.0000E-001  1.0000E+000  0.0000E+000  0.0000E+000  0.0000E+000  0.0000E+000  0.0000E+000
 -3.6167E-001  0.0000E+000  1.0000E+000  2.0000E-001  1.0000E+000  0.0000E+000  0.0000E+000  0.0000E+000  0.0000E+000  0.0000E+000
 -3.5833E-001  0.0000E+000  1.0000E+000  2.0000E-001  1.0000E+000  0.0000E+000  0.0000E+000  0.0000E+000  0.0000E+000  0.0000E+000
 -3.5500E-001  0.0000E+000  1.0000E+000  2.0000E-001  1.0000E+000  0.0000E+000  0.0000E+000  0.0000E+000  0.0000E+000  0.0000E+000
 -3.5167E-001  0.0000E+000  1.0000E+000  2.0000E-001  1.0000E+000  0.0000E+000  0.0000E+000  0.0000E+000  0.0000E+000  0.0000E+000
 -3.4833E-001  0.0000E+000  1.0000E+000  2.0000E-001  1.0000E+000  0.0000E+000  0.0000E+000  0.0000E+000  0.0000E+000  0.0000E+000
 -3.4500E-001  0.0000E+000  1.0000E+000  2.0000E-001  1.0000E+000  0.0000E+000  0.0000E+000  0.0000E+000  0.0000E+000  0.0000E+000
 -3.4167E-001  0.0000E+000  1.0000E+000  2.0000E-001  1.0000E+000  0.0000E+000  0.0000E+000  0.0000E+000  0.0000E+000  0.0000E+000
 -3.3833E-001  0.0000E+000  1.0000E+000  2.0000E-001  1.0000E+000  0.0000E+000  0.0000E+000  0.0000E+000  0.0000E+000  0.0000E+000
 -3.3500E-001  0.0000E+000  1.0000E+000  2.0000E-001  1.0000E+000  0.0000E+000  0.0000E+000  0.0000E+000  0.0000E+000  0.0000E+000
 -3.3167E-001  0.0000E+000  1.0000E+000  2.0000E-001  1.0000E+000  0.0000E+000  0.0000E+000  0.0000E+000  0.0000E+000  0.0000E+000
 -3.2833E-001  0.0000E+000  1.0000E+000  2.0000E-001  1.0000E+000  0.0000E+000  0.0000E+000  0.0000E+000  0.0000E+000  0.0000E+000
 -3.2500E-001  0.0000E+000  1.0000E+000  2.0000E-001  1.0000E+000  0.0000E+000  0.0000E+000  0.0000E+000  0.0000E+000  0.0000E+000
 -3.2167E-001  0.0000E+000  1.0000E+000  2.0000E-001  1.0000E+000  0.0000E+000  0.0000E+000  0.0000E+000  0.0000E+000  0.0000E+000
 -3.1833E-001  0.0000E+000  1.0000E+000  2.0000E-001  1.0000E+000  0.0000E+000  0.0000E+000  0.0000E+000  0.0000E+000  0.0000E+000
 -3.1500E-001  0.0000E+000  1.0000E+000  2.0000E-001  1.0000E+000  0.0000E+000  0.0000E+000  0.0000E+000  0.0000E+000  0.0000E+000
 -3.1167E-001  0.0000E+000  1.0000E+000  2.0000E-001  1.0000E+000  0.0000E+000  0.0000E+000  0.0000E+000  0.0000E+000  0.0000E+000
 -3.0833E-001  0.0000E+000  1.0000E+000  2.0000E-001  1.0000E+000  0.0000E+000  0.0000E+000  0.0000E+000  0.0000E+000  0.0000E+000
 -3.0500E-001  0.0000E+000  1.0000E+000  2.0000E-001  1.0000E+000  0.0000E+000  0.0000E+000  0.0000E+000  0.0000E+000  0.0000E+000
 -3.0167E-001  0.0000E+000  1.0000E+000  2.0000E-001  1.0000E+000  0.0000E+000  0.0000E+000  0.0000E+000  0.0000E+000  0.0000E+000
 -2.9833E-001  0.0000E+000  1.0000E+000  2.0000E-001  1.0000E+000  0.0000E+000  0.0000E+000  0.0000E+000  0.0000E+000  0.0000E+000
 -2.9500E-001  0.0000E+000  1.0000E+000  2.0000E-001  1.0000E+000  0.0000E+000  0.0000E+000  0.0000E+000  0.0000E+000  0.0000E+000
 -2.9167E-001  0.0000E+000  1.0000E+000  2.0000E-001  1.0000E+000  0.0000E+000  0.0000E+000  0.0000E+000  0.0000E+000  0.0000E+000
 -2.8833E-001  0.0000E+000  1.0000E+000  2.0000E-001  1.0000E+000  0.0000E+000  0.0000E+000  0.0000E+000  0.0000E+000  0.0000E+000
 -2.8500E-001  0.0000E+000  1.0000E+000  2.0000E-001  1.0000E+000  0.0000E+000  0.0000E+000  0.0000E+000  0.0000E+000  0.0000E+000
 -2.8167E-001  0.0000E+000  1.0000E+000  2.0000E-001  1.0000E+000  0.0000E+000  0.0000E+000  0.0000E+000  0.0000E+000  0.0000E+000
 -2.7833E-001  0.0000E+000  1.0000E+000  2.0000E-001  1.0000E+000  0.0000E+000  0.0000E+000  0.0000E+000  0.0000E+000  0.0000E+000
 -2.7500E-001  0.0000E+000  1.0000E+000  2.0000E-001  1.0000E+000  0.0000E+000  0.0000E+000  0.0000E+000  0.0000E+000  0.0000E+000
 -2.7167E-001  0.0000E+000  1.0000E+000  2.0000E-001  1.0000E+000  0.0000E+000  0.0000E+000  0.0000E+000  0.0000E+000  0.0000E+000
 -2.6833E-001  0.0000E+000  1.0000E+000  2.0000E-001  1.0000E+000  0.0000E+000  0.0000E+000  0.0000E+000  0.0000E+000  0.0000E+000
 -2.6500E-001  0.0000E+000  1.0000E+000  2.0000E-001  1.0000E+000  0.0000E+000  0.0000E+000  0.0000E+000  0.0000E+000  0.0000E+000
 -2.6167E-001  0.0000E+000  1.0000E+000  2.0000E-001  1.0000E+000  0.0000E+000  0.0000E+000  0.0000E+000  0.0000E+000  0.0000E+000
 -2.5833E-001  0.0000E+000  1.0000E+000  2.0000E-001  1.0000E+000  0.0000E+000  0.0000E+000  0.0000E+000  0.0000E+000  0.0000E+000
 -2.5500E-001  0.0000E+000  1.0000E+000  2.0000E-001  1.0000E+000  0.0000E+000  0.0000E+000  0.0000E+000  0.0000E+000  0.0000E+000
 -2.5167E-001  0.0000E+000  1.0000E+000  2.0000E-001  1.0000E+000  0.0000E+000  0.0000E+000  0.0000E+000  0.0000E+000  0.0000E+000
 -2.4833E-001  0.0000E+000  1.0000E+000  2.0000E-001  1.0000E+000  0.0000E+000  0.0000E+000  0.0000E+000  0.0000E+000  0.0000E+000
 -2.4500E-001  0.0000E+000  1.0000E+000  2.0000E-001  1.0000E+000  0.0000E+000  0.0000E+000  0.0000E+000  0.0000E+000  0.0000E+000
 -2.4167E-001  0.0000E+000  1.0000E+000  2.0000E-001  1.0000E+000  0.0000E+000  0.0000E+000  0.0000E+000  0.0000E+000  0.0000E+000
 -2.3833E-001  0.0000E+000  1.0000E+000  2.0000E-001  1.0000E+000  0.0000E+000  0.0000E+000  0.0000E+000  0.0000E+000  0.0000E+000
 -2.3500E-001  0.0000E+000  1.0000E+000  2.0000E-001  1.0000E+000  0.0000E+000  0.0000E+000  0.0000E+000  0.0000E+000  0.0000E+000
 -2.3167E-001  0.0000E+000  1.0000E+000  2.0000E-001  1.0000E+000  0.0000E+000  0.0000E+000  0.0000E+000  0.0000E+000  0.0000E+000
 -2.2833E-001  0.0000E+000  1.0000E+000  2.0000E-001  1.0000E+000  0.0000E+000  0.0000E+000  0.0000E+000  0.0000E+000  0.0000E+000
 -2.2500E-001  0.0000E+000  1.0000E+000  2.0000E-001  1.0000E+000  0.0000E+000  0.0000E+000  0.0000E+000  0.0000E+000  0.0000E+000
 -2.2167E-001  0.0000E+000  1.0000E+000  2.0000E-001  1.0000E+000  0.0000E+000  0.0000E+000  0.0000E+000  0.0000E+000  0.0000E+000
 -2.1833E-001  0.0000E+000  1.0000E+000  2.0000E-001  1.0000E+000  0.0000E+000  0.0000E+000  0.0000E+000  0.0000E+000  0.0000E+000
 -2.1500E-001  0.0000E+000  1.0000E+000  2.0000E-001  1.0000E+000  0.0000E+000  0.0000E+000  0.0000E+000  0.0000E+000  0.0000E+000
 -2.1167E-001  0.0000E+000  1.0000E+000  2.0000E-001  1.0000E+000  0.0000E+000  0.0000E+000  0.0000E+000  0.0000E+000  0.0000E+000
 -2.0833E-001  0.0000E+000  1.0000E+000  2.0000E-001  1.0000E+000  0.0000E+000  0.0000E+000  0.0000E+000  0.0000E+000  0.0000E+000
 -2.0500E-001  0.0000E+000  1.0000E+000  2.0000E-001  1.0000E+000  0.0000E+000  0.0000E+000  0.0000E+000  0.0000E+000  0.0000E+000
 -2.0167E-001  0.0000E+000  1.0000E+000  2.0000E-001  1.0000E+000  0.0000E+000  0.0000E+000  0.0000E+000  0.0000E+000  0.0000E+000
 -1.9833E-001  0.0000E+000  1.0000E+000  2.0000E-001  1.0000E+000  0.0000E+000  0.0000E+000  0.0000E+000  0.0000E+000  0.0000E+000
 -1.9500E-001  0.0000E+000  1.0000E+000  2.0000E-001  1.0000E+000  0.0000E+000  0.0000E+000  0.0000E+000  0.0000E+000  0.0000E+000
 -1.9167E-001  0.0000E+000  1.0000E+000  2.0000E-001  1.0000E+000  0.0000E+000  0.0000E+000  0.0000E+000  0.0000E+000  0.0000E+000
 -1.8833E-001  0.0000E+000  1.0000E+000  2.0000E-001  1.0000E+000  0.0000E+000  0.0000E+000  0.0000E+000  0.0000E+000  0.0000E+000
 -1.8500E-001  0.0000E+000  1.0000E+000  2.0000E-001  1.0000E+000  0.0000E+000  0.0000E+000  0.0000E+000  0.0000E+000  0.0000E+000
 -1.8167E-001  0.0000E+000  1.0000E+000  2.0000E-001  1.0000E+000  0.0000E+000  0.0000E+000  0.0000E+000  0.0000E+000  0.0000E+000
 -1.7833E-001  0.0000E+000  1.0000E+000  2.0000E-001  1.0000E+000  0.0000E+000  0.0000E+000  0.0000E+000  0.0000E+000  0.0000E+000
 -1.7500E-001  0.0000E+000  1.0000E+000  2.0000E-001  1.0000E+000  0.0000E+000  0.0000E+000  0.0000E+000  0.0000E+000  0.0000E+000
 -1.7167E-001  0.0000E+000  1.0000E+000  2.0000E-001  1.0000E+000  0.0000E+000  0.0000E+000  0.0000E+000  0.0000E+000  0.0000E+000
 -1.6833E-001  0.0000E+000  1.0000E+000  2.0000E-001  1.0000E+000  0.0000E+000  0.0000E+000  0.0000E+000  0.0000E+000  0.0000E+000
 -1.6500E-001  0.0000E+000  1.0000E+000  2.0000E-001  1.0000E+000  0.0000E+000  0.0000E+000  0.0000E+000  0.0000E+000  0.0000E+000
 -1.6167E-001  0.0000E+000  1.0000E+000  2.0000E-001  1.0000E+000  0.0000E+000  0.0000E+000  0.0000E+000  0.0000E+000  0.0000E+000
 -1.5833E-001  0.0000E+000  1.0000E+000  2.0000E-001  1.0000E+000  0.0000E+000  0.0000E+000  0.0000E+000  0.0000E+000  0.0000E+000
 -1.5500E-001  0.0000E+000  1.0000E+000  2.0000E-001  1.0000E+000  0.0000E+000  0.0000E+000  0.0000E+000  0.0000E+000  0.0000E+000
 -1.5167E-001  0.0000E+000  1.0000E+000  2.0000E-001  1.0000E+000  0.0000E+000  0.0000E+000  0.0000E+000  0.0000E+000  0.0000E+000
 -1.4833E-001  0.0000E+000  1.0000E+000  2.0000E-001  1.0000E+000  0.0000E+000  0.0000E+000  0.0000E+000  0.0000E+000  0.0000E+000
 -1.4500E-001  0.0000E+000  1.0000E+000  2.0000E-001  1.0000E+000  0.0000E+000  0.0000E+000  0.0000E+000  0.0000E+000  0.0000E+000
 -1.4167E-001  0.0000E+000  1.0000E+000  2.0000E-001  1.0000E+000  0.0000E+000  0.0000E+000  0.0000E+000  0.0000E+000  0.0000E+000
 -1.3833E-001  0.0000E+000  1.0000E+000  2.0000E-001  1.0000E+000  0.0000E+000  0.0000E+000  0.0000E+000  0.0000E+000  0.0000E+000
 -1.3500E-001  0.0000E+000  1.0000E+000  2.0000E-001  1.0000E+000  0.0000E+000  0.0000E+000  0.0000E+000  0.0000E+000  0.0000E+000
 -1.3167E-001  0.0000E+000  1.0000E+000  2.0000E-001  1.0000E+000  0.0000E+000  0.0000E+000  0.0000E+000  0.0000E+000  0.0000E+000
 -1.2833E-001  0.0000E+000  1.0000E+000  2.0000E-001  1.0000E+000  0.0000E+000  0.0000E+000  0.0000E+000  0.0000E+000  0.0000E+000
 -1.2500E-001  0.0000E+000  1.0000E+000  2.0000E-001  1.0000E+000  0.0000E+000  0.0000E+000  0.0000E+000  0.0000E+000  0.0000E+000
 -1.2167E-001  0.0000E+000  1.0000E+000  2.0000E-001  1.0000E+000  0.0000E+000  0.0000E+000  0.0000E+000  0.0000E+000  0.0000E+000
 -1.1833E-001  0.0000E+000  1.0000E+000  2.0000E-001  1.0000E+000  0.0000E+000  0.0000E+000  0.0000E+000  0.0000E+000  0.0000E+000
 -1.1500E-001  0.0000E+000  1.0000E+000  2.0000E-001  1.0000E+000  0.0000E+000  0.0000E+000  0.0000E+000  0.0000E+000  0.0000E+000
 -1.1167E-001  0.0000E+000  1.0000E+000  2.0000E-001  1.0000E+000  0.0000E+000  0.0000E+000  0.0000E+000  0.0000E+000  0.0000E+000
 -1.0833E-001  0.0000E+000  1.0000E+000  2.0000E-001  1.0000E+000  0.0000E+000  0.0000E+000  0.0000E+000  0.0000E+000  0.0000E+000
 -1.0500E-001  0.0000E+000  1.0000E+000  2.0000E-001  1.0000E+000  0.0000E+000  0.0000E+000  0.0000E+000  0.0000E+000  0.0000E+000
 -1.0167E-001  0.0000E+000  1.0000E+000  2.0000E-001  1.0000E+000  0.0000E+000  0.0000E+000  0.0000E+000  0.0000E+000  0.0000E+000
 -9.8333E-002  0.0000E+000  1.0000E+000  2.0000E-001  1.0000E+000  0.0000E+000  0.0000E+000  0.0000E+000  0.0000E+000  0.0000E+000
 -9.5000E-002  0.0000E+000  1.0000E+000  2.0000E-001  1.0000E+000  0.0000E+000  0.0000E+000  0.0000E+000  0.0000E+000  0.0000E+000
 -9.1667E-002  0.0000E+000  1.0000E+000  2.0000E-001  1.0000E+000  0.0000E+000  0.0000E+000  0.0000E+000  0.0000E+000  0.0000E+000
 -8.8333E-002  0.0000E+000  1.0000E+000  2.0000E-001  1.0000E+000  0.0000E+000  0.0000E+000  0.0000E+000  0.0000E+000  0.0000E+000
 -8.5000E-002  0.0000E+000  1.0000E+000  2.0000E-001  1.0000E+000  0.0000E+000  0.0000E+000  0.0000E+000  0.0000E+000  0.0000E+000
 -8.1667E-002  0.0000E+000  1.0000E+000  2.0000E-001  1.0000E+000  0.0000E+000  0.0000E+000  0.0000E+000  0.0000E+000  0.0000E+000
 -7.8333E-002  0.0000E+000  1.0000E+000  2.0000E-001  1.0000E+000  0.0000E+000  0.0000E+000  0.0000E+000  0.0000E+000  0.0000E+000
 -7.5000E-002  0.0000E+000  1.0000E+000  2.0000E-001  1.0000E+000  0.0000E+000  0.0000E+000  0.0000E+000  0.0000E+000  0.0000E+000
 -7.1667E-002  0.0000E+000  1.0000E+000  2.0000E-001  1.0000E+000  0.0000E+000  0.0000E+000  0.0000E+000  0.0000E+000  0.0000E+000
 -6.8333E-002  0.0000E+000  1.0000E+000  2.0000E-001  1.0000E+000  0.0000E+000  0.0000E+000  0.0000E+000  0.0000E+000  0.0000E+000
 -6.5000E-002  0.0000E+000  1.0000E+000  2.0000E-001  1.0000E+000  0.0000E+000  0.0000E+000  0.0000E+000  0.0000E+000  0.0000E+000
 -6.1667E-002  0.0000E+000  1.0000E+000  2.0000E-001  1.0000E+000  0.0000E+000  0.0000E+000  0.0000E+000  0.0000E+000  0.0000E+000
 -5.8333E-002  0.0000E+000  1.0000E+000  2.0000E-001  1.0000E+000  0.0000E+000  0.0000E+000  0.0000E+000  0.0000E+000  0.0000E+000
 -5.5000E-002  0.0000E+000  1.0000E+000  2.0000E-001  1.0000E+000  0.0000E+000  0.0000E+000  0.0000E+000  0.0000E+000  0.0000E+000
 -5.1667E-002  0.0000E+000  1.0000E+000  2.0000E-001  1.0000E+000  0.0000E+000  0.0000E+000  0.0000E+000  0.0000E+000  0.0000E+000
 -4.8333E-002  0.0000E+000  1.0000E+000  2.0000E-001  1.0000E+000  0.0000E+000  0.0000E+000  0.0000E+000  0.0000E+000  0.0000E+000
 -4.5000E-002  0.0000E+000  1.0000E+000  2.0000E-001  1.0000E+000  0.0000E+000  0.0000E+000  0.0000E+000  0.0000E+000  0.0000E+000
 -4.1667E-002  0.0000E+000  1.0000E+000  2.0000E-001  1.0000E+000  0.0000E+000  0.0000E+000  0.0000E+000  0.0000E+000  0.0000E+000
 -3.8333E-002  0.0000E+000  1.0000E+000  2.0000E-001  1.0000E+000  0.0000E+000  0.0000E+000  0.0000E+000  0.0000E+000  0.0000E+000
 -3.5000E-002  0.0000E+000  1.0000E+000  2.0000E-001  1.0000E+000  0.0000E+000  0.0000E+000  0.0000E+000  0.0000E+000  0.0000E+000
 -3.1667E-002  0.0000E+000  1.0000E+000  2.0000E-001  1.0000E+000  0.0000E+000  0.0000E+000  0.0000E+000  0.0000E+000  0.0000E+000
 -2.8333E-002  0.0000E+000  1.0000E+000  2.0000E-001  1.0000E+000  0.0000E+000  0.0000E+000  0.0000E+000  0.0000E+000  0.0000E+000
 -2.5000E-002  0.0000E+000  1.0000E+000  2.0000E-001  1.0000E+000  0.0000E+000  0.0000E+000  0.0000E+000  0.0000E+000  0.0000E+000
 -2.1667E-002  0.0000E+000  1.0000E+000  2.0000E-001  1.0000E+000  0.0000E+000  0.0000E+000  0.0000E+000  0.0000E+000  0.0000E+000
 -1.8333E-002  0.0000E+000  1.0000E+000  2.0000E-001  1.0000E+000  0.0000E+000  0.0000E+000  0.0000E+000  0.0000E+000  0.0000E+000
 -1.5000E-002  0.0000E+000  1.0000E+000  2.0000E-001  1.0000E+000  0.0000E+000  0.0000E+000  0.0000E+000  0.0000E+000  0.0000E+000
 -1.1667E-002  0.0000E+000  1.0000E+000  2.0000E-001  1.0000E+000  0.0000E+000  0.0000E+000  0.0000E+000  0.0000E+000  0.0000E+000
 -8.3333E-003  0.0000E+000  1.0000E+000  2.0000E-001  1.0000E+000  0.0000E+000  0.0000E+000  0.0000E+000  0.0000E+000  0.0000E+000
 -5.0000E-003  0.0000E+000  1.0000E+000  2.0000E-001  1.0000E+000  0.0000E+000  0.0000E+000  0.0000E+000  0.0000E+000  0.0000E+000
 -1.6667E-003  0.0000E+000  1.2503E+000  3.1109E-001  8.4878E-001  0.0000E+000  0.0000E+000  0.0000E+000  0.0000E+000  0.0000E+000
  1.6667E-003  0.0000E+000  1.8880E+000  6.3517E-001  5.4311E-001  0.0000E+000  0.0000E+000  0.0000E+000  0.0000E+000  0.0000E+000
  5.0000E-003  0.0000E+000  1.9990E+000  6.9927E-001  5.0048E-001  0.0000E+000  0.0000E+000  0.0000E+000  0.0000E+000  0.0000E+000
  8.3333E-003  0.0000E+000  1.9995E+000  7.0000E-001  5.0000E-001  0.0000E+000  0.0000E+000  0.0000E+000  0.0000E+000  0.0000E+000
  1.1667E-002  0.0000E+000  1.9995E+000  7.0000E-001  5.0000E-001  0.0000E+000  0.0000E+000  0.0000E+000  0.0000E+000  0.0000E+000
  1.5000E-002  0.0000E+000  1.9999E+000  7.0000E-001  5.0000E-001  0.0000E+000  0.0000E+000  0.0000E+000  0.0000E+000  0.0000E+000
  1.8333E-002  0.0000E+000  2.0006E+000  7.0000E-001  5.0000E-001  0.0000E+000  0.0000E+000  0.0000E+000  0.0000E+000  0.0000E+000
  2.1667E-002  0.0000E+000  2.0010E+000  7.0000E-001  5.0000E-001  0.0000E+000  0.0000E+000  0.0000E+000  0.0000E+000  0.0000E+000
  2.5000E-002  0.0000E+000  2.0009E+000  7.0000E-001  5.0000E-001  0.0000E+000  0.0000E+000  0.0000E+000  0.0000E+000  0.0000E+000
  2.8333E-002  0.0000E+000  2.0003E+000  7.0000E-001  5.0000E-001  0.0000E+000  0.0000E+000  0.0000E+000  0.0000E+000  0.0000E+000
  3.1667E-002  0.0000E+000  1.9985E+000  7.0000E-001  5.0000E-001  0.0000E+000  0.0000E+000  0.0000E+000  0.0000E+000  0.0000E+000
  3.5000E-002  0.0000E+000  1.9947E+000  7.0000E-001  5.0000E-001  0.0000E+000  0.0000E+000  0.0000E+000  0.0000E+000  0.0000E+000
  3.8333E-002  0.0000E+000  1.9885E+000  7.0000E-001  5.0000E-001  0.0000E+000  0.0000E+000  0.0000E+000  0.0000E+000  0.0000E+000
  4.1667E-002  0.0000E+000  1.9826E+000  7.0000E-001  5.0000E-001  0.0000E+000  0.0000E+000  0.0000E+000  0.0000E+000  0.0000E+000
  4.5000E-002  0.0000E+000  1.9810E+000  7.0000E-001  5.0000E-001  0.0000E+000  0.0000E+000  0.0000E+000  0.0000E+000  0.0000E+000
  4.8333E-002  0.0000E+000  1.9813E+000  7.0000E-001  5.0000E-001  0.0000E+000  0.0000E+000  0.0000E+000  0.0000E+000  0.0000E+000
  5.1667E-002  0.0000E+000  1.9832E+000  7.0000E-001  5.0000E-001  0.0000E+000  0.0000E+000  0.0000E+000  0.0000E+000  0.0000E+000
  5.5000E-002  0.0000E+000  1.9873E+000  7.0000E-001  5.0000E-001  0.0000E+000  0.0000E+000  0.0000E+000  0.0000E+000  0.0000E+000
  5.8333E-002  0.0000E+000  1.9929E+000  7.0000E-001  5.0000E-001  0.0000E+000  0.0000E+000  0.0000E+000  0.0000E+000  0.0000E+000
  6.1667E-002  0.0000E+000  1.9969E+000  7.0000E-001  5.0000E-001  0.0000E+000  0.0000E+000  0.0000E+000  0.0000E+000  0.0000E+000
  6.5000E-002  0.0000E+000  1.9987E+000  7.0001E-001  5.0000E-001  0.0000E+000  0.0000E+000  0.0000E+000  0.0000E+000  0.0000E+000
  6.8333E-002  0.0000E+000  1.9995E+000  7.0001E-001  5.0000E-001  0.0000E+000  0.0000E+000  0.0000E+000  0.0000E+000  0.0000E+000
  7.1667E-002  0.0000E+000  1.9999E+000  7.0000E-001  5.0000E-001  0.0000E+000  0.0000E+000  0.0000E+000  0.0000E+000  0.0000E+000
  7.5000E-002  0.0000E+000  2.0000E+000  7.0000E-001  5.0000E-001  0.0000E+000  0.0000E+000  0.0000E+000  0.0000E+000  0.0000E+000
  7.8333E-002  0.0000E+000  2.0000E+000  6.9999E-001  4.9999E-001  0.0000E+000  0.0000E+000  0.0000E+000  0.0000E+000  0.0000E+000
  8.1667E-002  0.0000E+000  2.0000E+000  6.9997E-001  4.9998E-001  0.0000E+000  0.0000E+000  0.0000E+000  0.0000E+000  0.0000E+000
  8.5000E-002  0.0000E+000  2.0000E+000  6.9994E-001  4.9996E-001  0.0000E+000  0.0000E+000  0.0000E+000  0.0000E+000  0.0000E+000
  8.8333E-002  0.0000E+000  1.9998E+000  6.9990E-001  4.9993E-001  0.0000E+000  0.0000E+000  0.0000E+000  0.0000E+000  0.0000E+000
  9.1667E-002  0.0000E+000  1.9997E+000  6.9983E-001  4.9989E-001  0.0000E+000  0.0000E+000  0.0000E+000  0.0000E+000  0.0000E+000
  9.5000E-002  0.0000E+000  1.9995E+000  6.9971E-001  4.9981E-001  0.0000E+000  0.0000E+000  0.0000E+000  0.0000E+000  0.0000E+000
  9.8333E-002  0.0000E+000  1.9992E+000  6.9955E-001  4.9971E-001  0.0000E+000  0.0000E+000  0.0000E+000  0.0000E+000  0.0000E+000
  1.0167E-001  0.0000E+000  1.9988E+000  6.9932E-001  4.9955E-001  0.0000E+000  0.0000E+000  0.0000E+000  0.0000E+000  0.0000E+000
  1.0500E-001  0.0000E+000  1.9983E+000  6.9902E-001  4.9936E-001  0.0000E+000  0.0000E+000  0.0000E+000  0.0000E+000  0.0000E+000
  1.0833E-001  0.0000E+000  1.9977E+000  6.9866E-001  4.9912E-001  0.0000E+000  0.0000E+000  0.0000E+000  0.0000E+000  0.0000E+000
  1.1167E-001  0.0000E+000  1.9974E+000  6.9847E-001  4.9900E-001  0.0000E+000  0.0000E+000  0.0000E+000  0.0000E+000  0.0000E+000
  1.1500E-001  0.0000E+000  1.9973E+000  6.9843E-001  4.9897E-001  0.0000E+000  0.0000E+000  0.0000E+000  0.0000E+000  0.0000E+000
  1.1833E-001  0.0000E+000  1.9973E+000  6.9845E-001  4.9898E-001  0.0000E+000  0.0000E+000  0.0000E+000  0.0000E+000  0.0000E+000
  1.2167E-001  0.0000E+000  1.9974E+000  6.9851E-001  4.9902E-001  0.0000E+000  0.0000E+000  0.0000E+000  0.0000E+000  0.0000E+000
  1.2500E-001  0.0000E+000  1.9977E+000  6.9866E-001  4.9912E-001  0.0000E+000  0.0000E+000  0.0000E+000  0.0000E+000  0.0000E+000
  1.2833E-001  0.0000E+000  1.9981E+000  6.9890E-001  4.9928E-001  0.0000E+000  0.0000E+000  0.0000E+000  0.0000E+000  0.0000E+000
  1.3167E-001  0.0000E+000  1.9987E+000  6.9924E-001  4.9951E-001  0.0000E+000  0.0000E+000  0.0000E+000  0.0000E+000  0.0000E+000
  1.3500E-001  0.0000E+000  1.9994E+000  6.9962E-001  4.9975E-001  0.0000E+000  0.0000E+000  0.0000E+000  0.0000E+000  0.0000E+000
  1.3833E-001  0.0000E+000  1.9997E+000  6.9983E-001  4.9989E-001  0.0000E+000  0.0000E+000  0.0000E+000  0.0000E+000  0.0000E+000
  1.4167E-001  0.0000E+000  1.9999E+000  6.9994E-001  4.9996E-001  0.0000E+000  0.0000E+000  0.0000E+000  0.0000E+000  0.0000E+000
  1.4500E-001  0.0000E+000  2.0000E+000  6.9998E-001  4.9999E-001  0.0000E+000  0.0000E+000  0.0000E+000  0.0000E+000  0.0000E+000
  1.4833E-001  0.0000E+000  2.0000E+000  7.0000E-001  5.0000E-001  0.0000E+000  0.0000E+000  0.0000E+000  0.0000E+000  0.0000E+000
  1.5167E-001  0.0000E+000  2.0000E+000  7.0000E-001  5.0000E-001  0.0000E+000  0.0000E+000  0.0000E+000  0.0000E+000  0.0000E+000
  1.5500E-001  0.0000E+000  2.0000E+000  7.0000E-001  5.0000E-001  0.0000E+000  0.0000E+000  0.0000E+000  0.0000E+000  0.0000E+000
  1.5833E-001  0.0000E+000  2.0000E+000  7.0000E-001  5.0000E-001  0.0000E+000  0.0000E+000  0.0000E+000  0.0000E+000  0.0000E+000
  1.6167E-001  0.0000E+000  2.0000E+000  7.0000E-001  5.0000E-001  0.0000E+000  0.0000E+000  0.0000E+000  0.0000E+000  0.0000E+000
  1.6500E-001  0.0000E+000  2.0000E+000  7.0000E-001  5.0000E-001  0.0000E+000  0.0000E+000  0.0000E+000  0.0000E+000  0.0000E+000
  1.6833E-001  0.0000E+000  2.0000E+000  7.0000E-001  5.0000E-001  0.0000E+000  0.0000E+000  0.0000E+000  0.0000E+000  0.0000E+000
  1.7167E-001  0.0000E+000  2.0000E+000  7.0000E-001  5.0000E-001  0.0000E+000  0.0000E+000  0.0000E+000  0.0000E+000  0.0000E+000
  1.7500E-001  0.0000E+000  2.0000E+000  7.0000E-001  5.0000E-001  0.0000E+000  0.0000E+000  0.0000E+000  0.0000E+000  0.0000E+000
  1.7833E-001  0.0000E+000  2.0000E+000  7.0000E-001  5.0000E-001  0.0000E+000  0.0000E+000  0.0000E+000  0.0000E+000  0.0000E+000
  1.8167E-001  0.0000E+000  2.0000E+000  7.0000E-001  5.0000E-001  0.0000E+000  0.0000E+000  0.0000E+000  0.0000E+000  0.0000E+000
  1.8500E-001  0.0000E+000  2.0000E+000  7.0000E-001  5.0000E-001  0.0000E+000  0.0000E+000  0.0000E+000  0.0000E+000  0.0000E+000
  1.8833E-001  0.0000E+000  2.0000E+000  7.0000E-001  5.0000E-001  0.0000E+000  0.0000E+000  0.0000E+000  0.0000E+000  0.0000E+000
  1.9167E-001  0.0000E+000  2.0000E+000  7.0000E-001  5.0000E-001  0.0000E+000  0.0000E+000  0.0000E+000  0.0000E+000  0.0000E+000
  1.9500E-001  0.0000E+000  2.0000E+000  7.0000E-001  5.0000E-001  0.0000E+000  0.0000E+000  0.0000E+000  0.0000E+000  0.0000E+000
  1.9833E-001  0.0000E+000  2.0000E+000  7.0000E-001  5.0000E-001  0.0000E+000  0.0000E+000  0.0000E+000  0.0000E+000  0.0000E+000
  2.0167E-001  0.0000E+000  2.0000E+000  7.0000E-001  5.0000E-001  0.0000E+000  0.0000E+000  0.0000E+000  0.0000E+000  0.0000E+000
  2.0500E-001  0.0000E+000  2.0000E+000  7.0000E-001  5.0000E-001  0.0000E+000  0.0000E+000  0.0000E+000  0.0000E+000  0.0000E+000
  2.0833E-001  0.0000E+000  2.0000E+000  7.0000E-001  5.0000E-001  0.0000E+000  0.0000E+000  0.0000E+000  0.0000E+000  0.0000E+000
  2.1167E-001  0.0000E+000  2.0000E+000  7.0000E-001  5.0000E-001  0.0000E+000  0.0000E+000  0.0000E+000  0.0000E+000  0.0000E+000
  2.1500E-001  0.0000E+000  2.0000E+000  7.0000E-001  5.0000E-001  0.0000E+000  0.0000E+000  0.0000E+000  0.0000E+000  0.0000E+000
  2.1833E-001  0.0000E+000  2.0000E+000  7.0000E-001  5.0000E-001  0.0000E+000  0.0000E+000  0.0000E+000  0.0000E+000  0.0000E+000
  2.2167E-001  0.0000E+000  2.0000E+000  7.0000E-001  5.0000E-001  0.0000E+000  0.0000E+000  0.0000E+000  0.0000E+000  0.0000E+000
  2.2500E-001  0.0000E+000  2.0000E+000  7.0000E-001  5.0000E-001  0.0000E+000  0.0000E+000  0.0000E+000  0.0000E+000  0.0000E+000
  2.2833E-001  0.0000E+000  2.0000E+000  7.0000E-001  5.0000E-001  0.0000E+000  0.0000E+000  0.0000E+000  0.0000E+000  0.0000E+000
  2.3167E-001  0.0000E+000  2.0000E+000  7.0000E-001  5.0000E-001  0.0000E+000  0.0000E+000  0.0000E+000  0.0000E+000  0.0000E+000
  2.3500E-001  0.0000E+000  2.0000E+000  7.0000E-001  5.0000E-001  0.0000E+000  0.0000E+000  0.0000E+000  0.0000E+000  0.0000E+000
  2.3833E-001  0.0000E+000  2.0000E+000  7.0000E-001  5.0000E-001  0.0000E+000  0.0000E+000  0.0000E+000  0.0000E+000  0.0000E+000
  2.4167E-001  0.0000E+000  2.0000E+000  7.0000E-001  5.0000E-001  0.0000E+000  0.0000E+000  0.0000E+000  0.0000E+000  0.0000E+000
  2.4500E-001  0.0000E+000  2.0000E+000  7.0000E-001  5.0000E-001  0.0000E+000  0.0000E+000  0.0000E+000  0.0000E+000  0.0000E+000
  2.4833E-001  0.0000E+000  2.0000E+000  7.0000E-001  5.0000E-001  0.0000E+000  0.0000E+000  0.0000E+000  0.0000E+000  0.0000E+000
  2.5167E-001  0.0000E+000  2.0000E+000  7.0000E-001  5.0000E-001  0.0000E+000  0.0000E+000  0.0000E+000  0.0000E+000  0.0000E+000
  2.5500E-001  0.0000E+000  2.0000E+000  7.0000E-001  5.0000E-001  0.0000E+000  0.0000E+000  0.0000E+000  0.0000E+000  0.0000E+000
  2.5833E-001  0.0000E+000  2.0000E+000  7.0000E-001  5.0000E-001  0.0000E+000  0.0000E+000  0.0000E+000  0.0000E+000  0.0000E+000
  2.6167E-001  0.0000E+000  2.0000E+000  7.0000E-001  5.0000E-001  0.0000E+000  0.0000E+000  0.0000E+000  0.0000E+000  0.0000E+000
  2.6500E-001  0.0000E+000  2.0000E+000  7.0000E-001  5.0000E-001  0.0000E+000  0.0000E+000  0.0000E+000  0.0000E+000  0.0000E+000
  2.6833E-001  0.0000E+000  2.0000E+000  7.0000E-001  5.0000E-001  0.0000E+000  0.0000E+000  0.0000E+000  0.0000E+000  0.0000E+000
  2.7167E-001  0.0000E+000  2.0000E+000  7.0000E-001  5.0000E-001  0.0000E+000  0.0000E+000  0.0000E+000  0.0000E+000  0.0000E+000
  2.7500E-001  0.0000E+000  2.0000E+000  7.0000E-001  5.0000E-001  0.0000E+000  0.0000E+000  0.0000E+000  0.0000E+000  0.0000E+000
  2.7833E-001  0.0000E+000  2.0000E+000  7.0000E-001  5.0000E-001  0.0000E+000  0.0000E+000  0.0000E+000  0.0000E+000  0.0000E+000
  2.8167E-001  0.0000E+000  2.0000E+000  7.0000E-001  5.0000E-001  0.0000E+000  0.0000E+000  0.0000E+000  0.0000E+000  0.0000E+000
  2.8500E-001  0.0000E+000  2.0000E+000  7.0000E-001  5.0000E-001  0.0000E+000  0.0000E+000  0.0000E+000  0.0000E+000  0.0000E+000
  2.8833E-001  0.0000E+000  2.0000E+000  7.0000E-001  5.0000E-001  0.0000E+000  0.0000E+000  0.0000E+000  0.0000E+000  0.0000E+000
  2.9167E-001  0.0000E+000  2.0000E+000  7.0000E-001  5.0000E-001  0.0000E+000  0.0000E+000  0.0000E+000  0.0000E+000  0.0000E+000
  2.9500E-001  0.0000E+000  2.0000E+000  7.0000E-001  5.0000E-001  0.0000E+000  0.0000E+000  0.0000E+000  0.0000E+000  0.0000E+000
  2.9833E-001  0.0000E+000  2.0000E+000  7.0000E-001  5.0000E-001  0.0000E+000  0.0000E+000  0.0000E+000  0.0000E+000  0.0000E+000
  3.0167E-001  0.0000E+000  2.0000E+000  7.0000E-001  5.0000E-001  0.0000E+000  0.0000E+000  0.0000E+000  0.0000E+000  0.0000E+000
  3.0500E-001  0.0000E+000  2.0000E+000  7.0000E-001  5.0000E-001  0.0000E+000  0.0000E+000  0.0000E+000  0.0000E+000  0.0000E+000
  3.0833E-001  0.0000E+000  2.0000E+000  7.0000E-001  5.0000E-001  0.0000E+000  0.0000E+000  0.0000E+000  0.0000E+000  0.0000E+000
  3.1167E-001  0.0000E+000  2.0000E+000  7.0000E-001  5.0000E-001  0.0000E+000  0.0000E+000  0.0000E+000  0.0000E+000  0.0000E+000
  3.1500E-001  0.0000E+000  2.0000E+000  7.0000E-001  5.0000E-001  0.0000E+000  0.0000E+000  0.0000E+000  0.0000E+000  0.0000E+000
  3.1833E-001  0.0000E+000  2.0000E+000  7.0000E-001  5.0000E-001  0.0000E+000  0.0000E+000  0.0000E+000  0.0000E+000  0.0000E+000
  3.2167E-001  0.0000E+000  2.0000E+000  7.0000E-001  5.0000E-001  0.0000E+000  0.0000E+000  0.0000E+000  0.0000E+000  0.0000E+000
  3.2500E-001  0.0000E+000  2.0000E+000  7.0000E-001  5.0000E-001  0.0000E+000  0.0000E+000  0.0000E+000  0.0000E+000  0.0000E+000
  3.2833E-001  0.0000E+000  2.0000E+000  7.0000E-001  5.0000E-001  0.0000E+000  0.0000E+000  0.0000E+000  0.0000E+000  0.0000E+000
  3.3167E-001  0.0000E+000  2.0000E+000  7.0000E-001  5.0000E-001  0.0000E+000  0.0000E+000  0.0000E+000  0.0000E+000  0.0000E+000
  3.3500E-001  0.0000E+000  2.0000E+000  7.0000E-001  5.0000E-001  0.0000E+000  0.0000E+000  0.0000E+000  0.0000E+000  0.0000E+000
  3.3833E-001  0.0000E+000  2.0000E+000  7.0000E-001  5.0000E-001  0.0000E+000  0.0000E+000  0.0000E+000  0.0000E+000  0.0000E+000
  3.4167E-001  0.0000E+000  2.0000E+000  7.0000E-001  5.0000E-001  0.0000E+000  0.0000E+000  0.0000E+000  0.0000E+000  0.0000E+000
  3.4500E-001  0.0000E+000  2.0000E+000  7.0000E-001  5.0000E-001  0.0000E+000  0.0000E+000  0.0000E+000  0.0000E+000  0.0000E+000
  3.4833E-001  0.0000E+000  2.0000E+000  7.0000E-001  5.0000E-001  0.0000E+000  0.0000E+000  0.0000E+000  0.0000E+000  0.0000E+000
  3.5167E-001  0.0000E+000  2.0000E+000  7.0000E-001  5.0000E-001  0.0000E+000  0.0000E+000  0.0000E+000  0.0000E+000  0.0000E+000
  3.5500E-001  0.0000E+000  2.0000E+000  7.0000E-001  5.0000E-001  0.0000E+000  0.0000E+000  0.0000E+000  0.0000E+000  0.0000E+000
  3.5833E-001  0.0000E+000  2.0000E+000  7.0000E-001  5.0000E-001  0.0000E+000  0.0000E+000  0.0000E+000  0.0000E+000  0.0000E+000
  3.6167E-001  0.0000E+000  2.0000E+000  7.0000E-001  5.0000E-001  0.0000E+000  0.0000E+000  0.0000E+000  0.0000E+000  0.0000E+000
  3.6500E-001  0.0000E+000  2.0000E+000  7.0000E-001  5.0000E-001  0.0000E+000  0.0000E+000  0.0000E+000  0.0000E+000  0.0000E+000
  3.6833E-001  0.0000E+000  2.0000E+000  7.0000E-001  5.0000E-001  0.0000E+000  0.0000E+000  0.0000E+000  0.0000E+000  0.0000E+000
  3.7167E-001  0.0000E+000  2.0000E+000  7.0000E-001  5.0000E-001  0.0000E+000  0.0000E+000  0.0000E+000  0.0000E+000  0.0000E+000
  3.7500E-001  0.0000E+000  2.0000E+000  7.0000E-001  5.0000E-001  0.0000E+000  0.0000E+000  0.0000E+000  0.0000E+000  0.0000E+000
  3.7833E-001  0.0000E+000  2.0000E+000  7.0000E-001  5.0000E-001  0.0000E+000  0.0000E+000  0.0000E+000  0.0000E+000  0.0000E+000
  3.8167E-001  0.0000E+000  2.0000E+000  7.0000E-001  5.0000E-001  0.0000E+000  0.0000E+000  0.0000E+000  0.0000E+000  0.0000E+000
  3.8500E-001  0.0000E+000  2.0000E+000  7.0000E-001  5.0000E-001  0.0000E+000  0.0000E+000  0.0000E+000  0.0000E+000  0.0000E+000
  3.8833E-001  0.0000E+000  2.0000E+000  7.0000E-001  5.0000E-001  0.0000E+000  0.0000E+000  0.0000E+000  0.0000E+000  0.0000E+000
  3.9167E-001  0.0000E+000  2.0000E+000  7.0000E-001  5.0000E-001  0.0000E+000  0.0000E+000  0.0000E+000  0.0000E+000  0.0000E+000
  3.9500E-001  0.0000E+000  2.0000E+000  7.0000E-001  5.0000E-001  0.0000E+000  0.0000E+000  0.0000E+000  0.0000E+000  0.0000E+000
  3.9833E-001  0.0000E+000  2.0000E+000  7.0000E-001  5.0000E-001  0.0000E+000  0.0000E+000  0.0000E+000  0.0000E+000  0.0000E+000
  4.0167E-001  0.0000E+000  2.0000E+000  7.0000E-001  5.0000E-001  0.0000E+000  0.0000E+000  0.0000E+000  0.0000E+000  0.0000E+000
  4.0500E-001  0.0000E+000  2.0000E+000  7.0000E-001  5.0000E-001  0.0000E+000  0.0000E+000  0.0000E+000  0.0000E+000  0.0000E+000
  4.0833E-001  0.0000E+000  2.0000E+000  7.0000E-001  5.0000E-001  0.0000E+000  0.0000E+000  0.0000E+000  0.0000E+000  0.0000E+000
  4.1167E-001  0.0000E+000  2.0000E+000  7.0000E-001  5.0000E-001  0.0000E+000  0.0000E+000  0.0000E+000  0.0000E+000  0.0000E+000
  4.1500E-001  0.0000E+000  2.0000E+000  7.0000E-001  5.0000E-001  0.0000E+000  0.0000E+000  0.0000E+000  0.0000E+000  0.0000E+000
  4.1833E-001  0.0000E+000  2.0000E+000  7.0000E-001  5.0000E-001  0.0000E+000  0.0000E+000  0.0000E+000  0.0000E+000  0.0000E+000
  4.2167E-001  0.0000E+000  2.0000E+000  7.0000E-001  5.0000E-001  0.0000E+000  0.0000E+000  0.0000E+000  0.0000E+000  0.0000E+000
  4.2500E-001  0.0000E+000  2.0000E+000  7.0000E-001  5.0000E-001  0.0000E+000  0.0000E+000  0.0000E+000  0.0000E+000  0.0000E+000
  4.2833E-001  0.0000E+000  2.0000E+000  7.0000E-001  5.0000E-001  0.0000E+000  0.0000E+000  0.0000E+000  0.0000E+000  0.0000E+000
  4.3167E-001  0.0000E+000  2.0000E+000  7.0000E-001  5.0000E-001  0.0000E+000  0.0000E+000  0.0000E+000  0.0000E+000  0.0000E+000
  4.3500E-001  0.0000E+000  2.0000E+000  7.0000E-001  5.0000E-001  0.0000E+000  0.0000E+000  0.0000E+000  0.0000E+000  0.0000E+000
  4.3833E-001  0.0000E+000  2.0000E+000  7.0000E-001  5.0000E-001  0.0000E+000  0.0000E+000  0.0000E+000  0.0000E+000  0.0000E+000
  4.4167E-001  0.0000E+000  2.0000E+000  7.0000E-001  5.0000E-001  0.0000E+000  0.0000E+000  0.0000E+000  0.0000E+000  0.0000E+000
  4.4500E-001  0.0000E+000  2.0000E+000  7.0000E-001  5.0000E-001  0.0000E+000  0.0000E+000  0.0000E+000  0.0000E+000  0.0000E+000
  4.4833E-001  0.0000E+000  2.0000E+000  7.0000E-001  5.0000E-001  0.0000E+000  0.0000E+000  0.0000E+000  0.0000E+000  0.0000E+000
  4.5167E-001  0.0000E+000  2.0000E+000  7.0000E-001  5.0000E-001  0.0000E+000  0.0000E+000  0.0000E+000  0.0000E+000  0.0000E+000
  4.5500E-001  0.0000E+000  2.0000E+000  7.0000E-001  5.0000E-001  0.0000E+000  0.0000E+000  0.0000E+000  0.0000E+000  0.0000E+000
  4.5833E-001  0.0000E+000  2.0000E+000  7.0000E-001  5.0000E-001  0.0000E+000  0.0000E+000  0.0000E+000  0.0000E+000  0.0000E+000
  4.6167E-001  0.0000E+000  2.0000E+000  7.0000E-001  5.0000E-001  0.0000E+000  0.0000E+000  0.0000E+000  0.0000E+000  0.0000E+000
  4.6500E-001  0.0000E+000  2.0000E+000  7.0000E-001  5.0000E-001  0.0000E+000  0.0000E+000  0.0000E+000  0.0000E+000  0.0000E+000
  4.6833E-001  0.0000E+000  2.0000E+000  7.0000E-001  5.0000E-001  0.0000E+000  0.0000E+000  0.0000E+000  0.0000E+000  0.0000E+000
  4.7167E-001  0.0000E+000  2.0000E+000  7.0000E-001  5.0000E-001  0.0000E+000  0.0000E+000  0.0000E+000  0.0000E+000  0.0000E+000
  4.7500E-001  0.0000E+000  2.0000E+000  7.0000E-001  5.0000E-001  0.0000E+000  0.0000E+000  0.0000E+000  0.0000E+000  0.0000E+000
  4.7833E-001  0.0000E+000  2.0000E+000  7.0000E-001  5.0000E-001  0.0000E+000  0.0000E+000  0.0000E+000  0.0000E+000  0.0000E+000
  4.8167E-001  0.0000E+000  2.0000E+000  7.0000E-001  5.0000E-001  0.0000E+000  0.0000E+000  0.0000E+000  0.0000E+000  0.0000E+000
  4.8500E-001  0.0000E+000  2.0000E+000  7.0000E-001  5.0000E-001  0.0000E+000  0.0000E+000  0.0000E+000  0.0000E+000  0.0000E+000
  4.8833E-001  0.0000E+000  2.0000E+000  7.0000E-001  5.0000E-001  0.0000E+000  0.0000E+000  0.0000E+000  0.0000E+000  0.0000E+000
  4.9167E-001  0.0000E+000  2.0000E+000  7.0000E-001  5.0000E-001  0.0000E+000  0.0000E+000  0.0000E+000  0.0000E+000  0.0000E+000
  4.9500E-001  0.0000E+000  2.0000E+000  7.0000E-001  5.0000E-001  0.0000E+000  0.0000E+000  0.0000E+000  0.0000E+000  0.0000E+000
  4.9833E-001  0.0000E+000  2.0000E+000  7.0000E-001  5.0000E-001  0.0000E+000  0.0000E+000  0.0000E+000  0.0000E+000  0.0000E+000
  5.0167E-001  0.0000E+000  2.0000E+000  7.0000E-001  5.0000E-001  0.0000E+000  0.0000E+000  0.0000E+000  0.0000E+000  0.0000E+000
